# 疑似编号型品种名，无法自动解析为规范名，待人工核对
# 格式：规范化键<TAB>n_runs<TAB>原始写法
02428	5	02428|#02428
91	3	91
32	3	32
2	2	2
25	2	25
1390	2	1390
988	2	988
20	2	20
110080	2	110080
900	2	900
1128	2	1128
11	2	11
551	2	551
1394	2	1394
6	2	6
30	2	30
610234	2	610234
86	2	86
7	2	7
27	2	27
79	2	79
14	2	14
625	1	625
8303	1	8303
6185	1	6185
6044	1	6044
11390	1	11390
4484	1	4484
632	1	632
622	1	622
621	1	621
612	1	612
609	1	609
1264	1	1264
1255	1	1255
1252	1	1252
1245	1	1245
1226	1	1226
1203	1	1203
844	1	844
837	1	837
812	1	812
811	1	811
798	1	798
797	1	797
1108	1	1108
762	1	762
440	1	440
44	1	44
436	1	436
427	1	427
1449	1	1449
1438	1	1438
1403	1	1403
1395	1	1395
1079	1	1079
596	1	596
591	1	591
585	1	585
581	1	581
565	1	565
561	1	561
558	1	558
557	1	557
556	1	556
50	1	50
495	1	495
491	1	491
472	1	472
471	1	471
470	1	470
1380	1	1380
1373	1	1373
1372	1	1372
1348	1	1348
1044	1	1044
1166	1	1166
996	1	996
973	1	973
941	1	941
1120	1	1120
916	1	916
897	1	897
885	1	885
876	1	876
730	1	730
717	1	717
713	1	713
700	1	700
1099	1	1099
692	1	692
1098	1	1098
681	1	681
1305	1	1305
547	1	547
543	1	543
532	1	532
530	1	530
516	1	516
511	1	511
1006	1	1006
rn802	1	rn802
rn11	1	rn11
rn11x	1	rn11x
1384	1	1384
31	1	31
23	1	23
18	1	18
1	1	1
em253	1	em253
em254	1	em254
em263	1	em263
em265	1	em265
em064	1	em064
em071	1	em071
em076	1	em076
em079	1	em079
em083	1	em083
em091	1	em091
em099	1	em099
em104	1	em104
em110	1	em110
em113	1	em113
em117	1	em117
em230	1	em230
em232	1	em232
em239	1	em239
em276	1	em276
em151	1	em151
em162	1	em162
em167	1	em167
em169	1	em169
em171	1	em171
em207	1	em207
em209	1	em209
em212	1	em212
em215	1	em215
em123	1	em123
em132	1	em132
em285	1	em285
em137	1	em137
em142	1	em142
em189	1	em189
em195	1	em195
em200	1	em200
em292	1	em292
403	1	403
119	1	119
500594	1	500594
79106	1	79106
5450	1	5450
1154	1	1154
1126	1	1126
13494	1	13494
6078	1	6078
1096	1	1096
650	1	650
634	1	634
616	1	616
611	1	611
1280	1	1280
1272	1	1272
1268	1	1268
1031	1	1031
1257	1	1257
1251	1	1251
846	1	846
1113	1	1113
810	1	810
801	1	801
423	1	423
414	1	414
37	1	37
1431	1	1431
1420	1	1420
1416	1	1416
1048	1	1048
1399	1	1399
592	1	592
588	1	588
571	1	571
1074	1	1074
564	1	564
555	1	555
493	1	493
464	1	464
463	1	463
461	1	461
453	1	453
450	1	450
447	1	447
446	1	446
1388	1	1388
1362	1	1362
1350	1	1350
1320	1	1320
1173	1	1173
1168	1	1168
1165	1	1165
1158	1	1158
1147	1	1147
1135	1	1135
953	1	953
949	1	949
942	1	942
933	1	933
919	1	919
908	1	908
904	1	904
903	1	903
896	1	896
888	1	888
883	1	883
1117	1	1117
871	1	871
87	1	87
731	1	731
704	1	704
690	1	690
689	1	689
688	1	688
683	1	683
682	1	682
1286	1	1286
553	1	553
549	1	549
548	1	548
541	1	541
539	1	539
1069	1	1069
536	1	536
527	1	527
525	1	525
1068	1	1068
519	1	519
509	1	509
1310	1	1310
jg818	1	jg818
hg5x	1	hg5x
1392	1	1392
10	1	10
33	1	33
4	1	4
13	1	13
261	1	261
314	1	314
em256	1	em256
em266	1	em266
em066	1	em066
em072	1	em072
em073	1	em073
em274	1	em274
em095	1	em095
em097	1	em097
em100	1	em100
em283	1	em283
em116	1	em116
em227	1	em227
em234	1	em234
em238	1	em238
em240	1	em240
em296	1	em296
em243	1	em243
em247	1	em247
em050	1	em050
em287	1	em287
em166	1	em166
em208	1	em208
em211	1	em211
em213	1	em213
em214	1	em214
em118	1	em118
em122	1	em122
em128	1	em128
em129	1	em129
em130	1	em130
em131	1	em131
em143	1	em143
em146	1	em146
em177	1	em177
em184	1	em184
em190	1	em190
em192	1	em192
em193	1	em193
em194	1	em194
em199	1	em199
em301	1	em301
233	1	233
78130	1	78130
50058	1	50058
2888	1	2888
1130	1	1130
99216	1	99216
667	1	667
659	1	659
653	1	653
643	1	643
1089	1	1089
633	1	633
62	1	62
608	1	608
1281	1	1281
1275	1	1275
1270	1	1270
1254	1	1254
1234	1	1234
1216	1	1216
1214	1	1214
847	1	847
1114	1	1114
831	1	831
787	1	787
773	1	773
442	1	442
441	1	441
425	1	425
1436	1	1436
1400	1	1400
60	1	60
589	1	589
58	1	58
572	1	572
56	1	56
502	1	502
500	1	500
489	1	489
480	1	480
468	1	468
1364	1	1364
1342	1	1342
1325	1	1325
1313	1	1313
1148	1	1148
989	1	989
954	1	954
932	1	932
929	1	929
924	1	924
912	1	912
905	1	905
899	1	899
893	1	893
880	1	880
859	1	859
854	1	854
851	1	851
733	1	733
716	1	716
711	1	711
701	1	701
696	1	696
686	1	686
1008	1	1008
680	1	680
1292	1	1292
1291	1	1291
1035	1	1035
546	1	546
522	1	522
515	1	515
507	1	507
1043	1	1043
1001	1	1001
999	1	999
jf105	1	jf105
hg5	1	hg5
5	1	5
29	1	29
28	1	28
24	1	24
21	1	21
3	1	3
17	1	17
16	1	16
853	1	853
em271	1	em271
em278	1	em278
em069	1	em069
em279	1	em279
em075	1	em075
em077	1	em077
em080	1	em080
em082	1	em082
em280	1	em280
em084	1	em084
em087	1	em087
em299	1	em299
em090	1	em090
em093	1	em093
em096	1	em096
em098	1	em098
em282	1	em282
em300	1	em300
em103	1	em103
em105	1	em105
em114	1	em114
em223	1	em223
em295	1	em295
em242	1	em242
em252	1	em252
em044	1	em044
em047	1	em047
em148	1	em148
em152	1	em152
em153	1	em153
em156	1	em156
em157	1	em157
em288	1	em288
em168	1	em168
em206	1	em206
em221	1	em221
em222	1	em222
em284	1	em284
em139	1	em139
em140	1	em140
em141	1	em141
em176	1	em176
em180	1	em180
em181	1	em181
em182	1	em182
em188	1	em188
em191	1	em191
em291	1	em291
7944	1	7944
7625	1	7625
7055	1	7055
5350	1	5350
5207	1	5207
1144	1	1144
93072	1	93072
4595	1	4595
10340	1	10340
673	1	673
658	1	658
656	1	656
654	1	654
630	1	630
620	1	620
607	1	607
1273	1	1273
1267	1	1267
1262	1	1262
1261	1	1261
1235	1	1235
1225	1	1225
1222	1	1222
1025	1	1025
1215	1	1215
84	1	84
829	1	829
823	1	823
82	1	82
813	1	813
806	1	806
786	1	786
78	1	78
767	1	767
761	1	761
1100	1	1100
1056	1	1056
36	1	36
1453	1	1453
1445	1	1445
1442	1	1442
1435	1	1435
1409	1	1409
606	1	606
603	1	603
598	1	598
595	1	595
1075	1	1075
583	1	583
578	1	578
566	1	566
505	1	505
504	1	504
484	1	484
483	1	483
477	1	477
469	1	469
46	1	46
456	1	456
1047	1	1047
1377	1	1377
1370	1	1370
1367	1	1367
1361	1	1361
1360	1	1360
1353	1	1353
1349	1	1349
1347	1	1347
1339	1	1339
1332	1	1332
1329	1	1329
1327	1	1327
1321	1	1321
1156	1	1156
1143	1	1143
1141	1	1141
1140	1	1140
981	1	981
967	1	967
963	1	963
1125	1	1125
931	1	931
923	1	923
910	1	910
907	1	907
902	1	902
874	1	874
852	1	852
745	1	745
726	1	726
725	1	725
721	1	721
702	1	702
694	1	694
687	1	687
685	1	685
684	1	684
1302	1	1302
1298	1	1298
1288	1	1288
1283	1	1283
523	1	523
510	1	510
51	1	51
1003	1	1003
9	1	9
8	1	8
26	1	26
22	1	22
276	1	276
412	1	412
em257	1	em257
em260	1	em260
em262	1	em262
em267	1	em267
em270	1	em270
em272	1	em272
em074	1	em074
em078	1	em078
em102	1	em102
em106	1	em106
em107	1	em107
em109	1	em109
em112	1	em112
em224	1	em224
em235	1	em235
em237	1	em237
em244	1	em244
em248	1	em248
em249	1	em249
em250	1	em250
em251	1	em251
em147	1	em147
em150	1	em150
em164	1	em164
em170	1	em170
em173	1	em173
em175	1	em175
em205	1	em205
em293	1	em293
em216	1	em216
em220	1	em220
em119	1	em119
em120	1	em120
em124	1	em124
em125	1	em125
em127	1	em127
em135	1	em135
em144	1	em144
em179	1	em179
em185	1	em185
em197	1	em197
em302	1	em302
438	1	438
376	1	376
2134	1	2134
9348	1	9348
6360	1	6360
679	1	679
674	1	674
671	1	671
66	1	66
655	1	655
651	1	651
645	1	645
640	1	640
635	1	635
1087	1	1087
613	1	613
1279	1	1279
1276	1	1276
1250	1	1250
1026	1	1026
1237	1	1237
1219	1	1219
1217	1	1217
1192	1	1192
838	1	838
822	1	822
814	1	814
794	1	794
77	1	77
76	1	76
752	1	752
39	1	39
1054	1	1054
599	1	599
594	1	594
593	1	593
587	1	587
576	1	576
562	1	562
501	1	501
494	1	494
1061	1	1061
476	1	476
473	1	473
1058	1	1058
462	1	462
452	1	452
1057	1	1057
1387	1	1387
1374	1	1374
1371	1	1371
1365	1	1365
1046	1	1046
1341	1	1341
1334	1	1334
1323	1	1323
1017	1	1017
1137	1	1137
1131	1	1131
993	1	993
1015	1	1015
937	1	937
922	1	922
1119	1	1119
861	1	861
740	1	740
706	1	706
1307	1	1307
1301	1	1301
1284	1	1284
554	1	554
1070	1	1070
542	1	542
528	1	528
521	1	521
520	1	520
518	1	518
517	1	517
1064	1	1064
1383	1	1383
em255	1	em255
em259	1	em259
em261	1	em261
em298	1	em298
em264	1	em264
em268	1	em268
em065	1	em065
em067	1	em067
em068	1	em068
em070	1	em070
em081	1	em081
em085	1	em085
em086	1	em086
em088	1	em088
em089	1	em089
em273	1	em273
em092	1	em092
em101	1	em101
em108	1	em108
em115	1	em115
em226	1	em226
em228	1	em228
em229	1	em229
em233	1	em233
em236	1	em236
em241	1	em241
em245	1	em245
em246	1	em246
em277	1	em277
em149	1	em149
em155	1	em155
em158	1	em158
em161	1	em161
em165	1	em165
em289	1	em289
em174	1	em174
em203	1	em203
em204	1	em204
em210	1	em210
em218	1	em218
em294	1	em294
em133	1	em133
em138	1	em138
em145	1	em145
em178	1	em178
em290	1	em290
em186	1	em186
em187	1	em187
em196	1	em196
em198	1	em198
em201	1	em201
em202	1	em202
19	1	19
15	1	15
12	1	12
1318	1	1318
